0 0 1 5
12 13 12 13
0 1 0 5
-181 -8742 -2470 -8742
-1616 -8402 3997 -8402
2824 -6109 2824 -6109
2233 -6366 2233 -6151
7640 -8278 7640 -8278
3448 3382 3448 3382
-6808 -5875 8686 -5875
-4394 -5195 -4394 -5636
-7084 3463 -7084 3463
-2403 -1101 5675 -1101
-7536 6374 -7536 6374
608 4176 -7415 -1355
1510 -1983 1510 -1983
-6543 5700 -6543 5700
-476 -4684 -476 -58
5824 1951 -9966 1951
5812 2296 5812 2296
-1352 3533 3175 3533
4625 7073 5812 7073
2616 476 -45 476
-2545 -9927 -8977 -3482
-1539 5701 -6830 5701
3705 7984 -321 -6012
8368 6471 -9646 6471
9766 -4311 9766 -4311
-5787 215 -3433 215
-4195 -3552 2528 -3552
6789 463 -5355 463
2454 -6269 -5741 4218
-3258 -2248 6938 -2209
-97 6078 9864 9633
-5985 -4337 -5985 -4337
-2815 1238 -2815 1376
-4138 -8356 -1070 -8356
5229 778 -2623 4827
-5573 1923 -5573 -1529
7147 7593 -9175 7593
-8944 9790 -8944 8813
-1938 4795 -9909 -4966
5376 -9560 5376 -9560