1 2 3 4
10 -2 3 4
60 29 -73 46 14 -61 -53 -51 -3 94 -28 73 -42 -34 -85 -43 77 -26 53 28 -38 8 30 90 93 -61 -38 24 78 -92 19 0 -23 -88 -1 -63 -28 -52 19
-36 -8 59 2 49 45 -31 -77 -39 -13 -90 -63 -91 -71 13 -5 -77 5 49 42 3 -24 -49 -44 65 -27 -46 10 -51 47 -88 -39 -37 25 -5 95 48 24 -46 -48 -31 -80 16 71 58 49 56 -35 -35 -59 -30 77 94 95 -56 93 -29 -86 -13 15 -87 -73 -52 38 -68 -35 -63 0 87 38 -50 -84 -23 75
12 -71 -62 25 4 -23 79 45 53 71 -70 -57 27 30 -91 -62 76 -10 66 -46 -35 32 -61 -93 -45 -37 30 -8 -85 -23 -3 67 -90 3 -28 -12 61 -44 68 -15 -91 83 70 -80 -71 7 39 88 -15 37 76 -7 56 65 -55 61 -84 41 95 78 -93 76 -96 20 2 72 -37 90 78 -26 18 65 -30 60 18
-82 -25 39 -8 65 89 -5 -92 96 86 100 -30 -97 -59 -84 -27 73 -77 56 46 -42 -71 11 -64 99 -35 -13 58 57 4 85 84 4 -9 83 -16 -24 -28 -94 90 17 -21 51 55 58 -83 74 91 10 -88 67 -98 -38
44 27 35 55 -73 -99 -31 17 64 16
-89 -84 -13 -9 25 -75 -94 7 73 90 -30 -33 -85 -28 -60 35 82 9 -45 -75 -12 5 31 -87 82 -68 23 -78 26 20 -49 14 -52 -35 30 28 3 72 72 42 -56 70 -53 -10 53 -20 17 -14 86 11 23 -79 -92 -94 -50 -85 -97 17 -21 -63 -63 93 87 -90 -6 92 -8 -1 -51 -31 46 47 79 -91 -76 -58 69 -81 -53 -93 3 -67 76
23 43 55 -81 -70 33 66 -12 50 -67 -2 -5 54 17 50 -78 58 78 100 -47 -18 -46 51 39 57 99 57 -64 98 98 87 -26 -75 -67 2 -90 64 -3 -34 53 -36 31 71 78 66 -73 -81 98 -33 34 54 -86 -81 93 -58 35 47 -24 -75 37 -43 15 85 77 -20 62 88 -56 -13 -65 -78 -87 91
-100 27 -42 -77 -17 0 5 -23 -53 -30 -96 -16 -67 -35 -17 -20 -33 -42 -94 38 -86 -30 4 -96 89 -86 80 -40
-82 1 48 -11 99 -21 48 -23 22 -75 90 80 -16 -92 -96 -32 -23 -83 56 -98 3
74 63 -100 -80 -28 91 -5 35 19 -45 99 -59 -66 -33 63 -28 53 28 25 -13 68 -73 -60 33 -94 -34 63 98 -39 -16 17 -52 69 36 27 37 30 39 -84 -21 -39 -2 92 94 -33 45 51 -9 -95 -100 -67 14 56 -78 3 -6 -11 -92 -56 18 -45 -14 -91 17 71 73 -30 54 79 -61 -99
41 -96 31 19 -72 -68 11 -18 47 -79 -49 -94 -28 18 -60 61 -35 -19 -3 -64 22 -75 77 28 -41 7 39 -36 -20 0 -59 -17 -45 -42 3 -75 -1 91 -31 13 -24 15 44 -21 7 -53 -31 -13 -73 -100 -5 87 -46 -22 13 -10 -20 -53 -72 43 15 -95 43 82 -67 -34 85 -2 -27 -83 -70 12 -91 0 100 7 73 -5 91 -76 88 0 -11 39 -67 77 63
94 7 27 15 67 -100 -34 75 0 -40 -57 -98 -63 41 19 76 -12 61 67 -41 -44 -17 14 -62 61 27 8 -19 16 -42 -48 -53 1 56 -79
40 30 20 10
-23 -22 77 -50 0 -83 -71 68 -85 -94 -73 -71 -5 35 21 -57 -14 18 61 72 73 -95 20 -4 -76 -34 -84 -92 -2 4 -54 -10 -78 49 0 92 34 -29 77 -22 42 -78 -15 -60 96 22 -3 -52 13 -48 -45 43 6 -88 -61
-2 -70 -14 -78 -29 -41 -77 -90 74 22 -98 53 16 -11 83 77 44 -96 82 -99 65 -93 77 14 35 3 8 22 -71 1 15 -27 45 -93 -35 75 68 30 65 -66 12 13 -70 89 -5 22 -10 -29 -50 -33 -69 -90 -27 79 -55 73 -35 -25 -29 -42 -41 -9 33 -87 -70 46 40 97 -16 44 56 -87 53 -35 -19 68 82 -95 5 -52 71 -76 94 -56 -1
46 -57 -56 82 -82 72 -27 -63 62 95 68 44 51 29 5 76 50 51 -90 50 -16 -80 96 28 -8 -93 -66 -84 90 -70 -2 -36 -63 90 -4 100 -80 2 30 -15 -71 -64 78 60 50 77 -44 37 69 94 68 28 98 -50 -61 -28 -71 -77 5 -91 47 -47 37 -59 -70 75 -69 -88 -91 67 100 -87 -10 23 -20 -82 -49 -89 -87 -29 -9 -27 59 -72 13 49 22
23 -53 48 57 42 37 84 84 -7 89 16 -48 -78 -42 -30 -92 3 -28 -27 59 45 67 -43 -15 41 -92 69 92 57 36 2 -42 60 -3 -84 97 59 -43 -67 42 63 -89 73 -32 -35 -11 49 -71 -77 60 -80 63 -1 -98 13 -30 -80 51 75 75 4 8 -82 77 5 67 -99 93 -21 6 17 -1 -14 62 72 58 46 -18 -28 45 -36 65 4 -68 50 -41 -63 10 -67 -88 -69 97 49
-92 36 -86 96 61 89 77 61 65
-98 83 -53 -43 82 -97 70 4 93 37 75 -90 -71 -10 98 -88 18 -78 89 -75 -77 -68 -91 7 16 -35 36 51 85 -24 -82 -35 -83 61 -84 -28 -93 10 18 13 38 -90 20 3 -35 -24 26 62 -60 -52 1 35 1 82 71 73 -63 -91 -84 41 56 -67 -68 98 -16 -89 -62 -44 -21 4 -65 37 49 61 37 42 -62 -13 68 -50 -44 -26
-31 30 42 18 -84 90 -59 54 53 -81 12 92 -42 -79 64 -73 74 23 -30 53 -76 90 99 -3 84 48 -10 5 43 -68 -27 -18 -76 64 -78 11 15 -91 56 77 58 79 -39 -31 -46 45 -64 -95 -77 38 42 -13 -2 -95 47
89 62 98 -50 97
6 59 -62 35 42 -81 55 57 -79 -20 49 -42 -46 67 25 22 47 -34 29 -43 96 -50 -85 4 -92 9 -65 38 5 24 -14 27 99 54 -17 -45 37 93 25 28 16 84 -44 5 9 -1 -94 -64 62 -53 78 -18 53 43 -44 59 11 -8 -84 40 -64 -79 -81 -1 63 38 -43 -84 -38 -100 26 43 -79 26 -85 -81 -68 -28 -98 92 -84 -9 -75 71 -30 100 79 84 100 -75 -58 -79 -23 -10 -8
82 -86 -25 14 91 95 67 50 -47 -68 2 -36 16 32 -40
6 -3 18 13 -21 -69 -41 -78 93 22 -93 -17 57 4 -20 -86 18 100 -15 -64 -31 -58 75 -58 89 -30 18 68 -62 14 -51 -52 -6 -56 -99 48 -17 53 -75 -96 -22 40 -45 -70 34 90 -92 -59 -88 -35 71 87 57 9 4 -60 44 22 -43 51 -83 -29 1 61 -32 81 64 -17 7 -80 -48 45 -93 63 -39 13 -37 -49 79 80 99 83 -79 -6 -8 -92 92 -23 31 -25 -22 63 94
-60 -16 41 67 -84 9 -70 -63 33 48 15 -78 7 5 68 -56 79 -31 15 -88 39 27 -25 71 -51 -47 98 -30 70 -66 30 85 -93 78 -49 12 -26 31 -47 -68 71 28 -11 52 -85 15 53 -97 37 55 75 -11 -88 82 38 3 18 69 1 -51 97 23 76 -35 11 -28 -19 -57 -15 68 22 -81 31 -82 -58 62 -60 -39 -100 -64 92 11 30 -53 -90 -57 77 28 -79 -80 53 -55 -95 -42 -68 -40 -95
-47 -57 60 9 35 10 -31 81 50 81 -47 -11 -41 30 32 -80 84 -84 41 -93 21 -47 -72 -82 65 -41 -77 -57 -46 61 19 -44 94 -40 85 -74 8 79 -11 42 93 -44 82 -28 39 69 6 -65 -44 -16 33 50 62 31 -68 -77 -62 -74 -34 -53 23 77 -58 -26 33 73 -52 82 -48 -93 -81 88 86 28 -17 -86 -42 85 91 7 -100 -66 -64
11 -22 -67 11 -88 93 1 59 -87 -53 58 2 82 52 -52 70 55 50 -14 -85 -74 -30 -24 -29 -18 74 35 -53 -56 50 -27 91 -70 -65 61 -92 80 0 -63 7 5 -98 -45 92 95 76 -5 -88 65 -1 28 93 21 41 87 92 73 83 -87
-23 70 67 16 63 11 -7 -3 -5 3 88 46 -86 -9 -75 -31 -99 -54 52 53 -31 79 75 46 38 -65 62 -38 68 -46 -62 -85 -15 83 -9 79 82 29 53 -40 28 -52 -35 -84 48 -86 -30 100 -12 -14 5 84 36 91 -7 -85 -16 -87 -32 60 -79 81 28 -88 64 99 -38 9 35 -48 -41 29 1 5 -60 -67 39 -4 69 -58 96 81 43 -46 13 -59 -90 -85 52 52 17 -77 16 5
-87 37 59 89 -60 -99 87 -5 70 26 22 86 93 -71 16 63 -55 39 73 -37 -19 65 -69 69 66 -59 23 49 61 -96 -3 10 -29 -32 100 -85 54 -65 85 95 75 -29 20 -9 13 -58 14 92 85 16 58 87 57 -27 -34 12 12 68 -75 33 31 26 21
4 3 2 1
0 -9 5 2 1 100 10
-82 64 -40 13 -62 -43 38 0 13 100 -25 -5 15 69 77 -25 21 8 15 -66 -3 -14 -32 55 -30 -9 -14 -76 18 -29 -68 -100 -12 93 -6 73 65 -54 99 42 42 -47 -85 -3 98 98 92 38 -48 25 27 -83 100 -71 4 -49 38 26 67 80 14 97 -77 -62 -35 57 66
-1 10
98 -1 -83 0 -20 -14 27 92 -36 -16 -11 44 60 30 -51 34 55 -88 -35 -9 -50 53 -76 -47 81 35 -1 -22 -1 -34 -40 -86 38 -12 -77 -43 -57
90 -52 21 71 -20 14 -92 -4 -6 90 63 -92 -26 -4 -55 -74 -49 -29 -48 9 68 -92 -13 -25 0 -58 80 -48 78 34
-54 63 84 80 22 45 27 3 -70 61 79 99 -66 -9 72 38 80 24 -13 32 79 55 -16 86 23 -14 -63 39 21 -91 -33 75 -62 94 -12 -7 25 -82 -38 1 68 46 35 15 13 -17 32 73 41 6 89 63
-21 23 43 -65 -21 88 -7 40 98 55 75 -25 -22 39 -6 56 -10 7 -6 29 100 23 -49 -13 92 -41 -8 -67 39 -20 -19 21 -11 -81 78 69 -68 75 -21 -35 -9 89 22 26 -32
-77 -12 -92 64 -57 94 82 -76 96 28 -100 -75 17 15 50 52 98 -69 -12 4 50 25 10 28 -35 8 -5 -20 41 -39 -29 -48 74 -84 -51 72 -58 -60 -97 48 -14 70 43 -39 -34 100 -73 90 -48 53 69 11 -2 31 74 -80 45 20 -17 -90 40 -5 81 -89 77 -95 -58 40 -27 -41 -92 -36 -94 -79 11 -51 48 -58 57 99 0 -23 -1 -91 -55 -94
80 13 87 47 -70 41 30 -78 -87 11 27 31 79 -32 -8 100 64 -5 -5 -55 -5 87 46 91 49 88 -42 53 -64 49 -28 82 -81 62 98 -37 -98 82 14 -88 -28 60 79 38 -74 -54 -15 99 82 72 41 -2 74 33 -88 91 66 29 55 20 -11 -43 15
67 -7 2 -24 -97 26 84 97 -19 38 -82 -100 48 -87 24 -76 93 76 49 100 -86 -7 -96 -49 78 7 -10 -72 -33 94 25 51 -100 -59